SCALED WITH GIST HIST

Combo classification: 

 Feature Selection:
  SelectFromModel(RandomForest)
  Classifiers:
  KNN
  RandomForestClassifier
  XGBoost

Using parameters from best fit of XGBoost:
[Parallel(n_jobs=4)]: Done  25 out of  25 | elapsed:   26.0s finished
{'subsample': 0.8, 'min_child_weight': 5, 'max_depth': 5, 'gamma': 1, 'colsample_bytree': 0.8}
             precision    recall  f1-score   support

          0       0.57      0.48      0.52       100
          1       0.24      0.14      0.18       100
          2       0.07      0.06      0.07       100
          3       0.40      0.47      0.43       100
          4       0.33      0.33      0.33       100
          5       0.21      0.10      0.14       100
          6       0.30      0.36      0.33       100
          7       0.30      0.44      0.35       100
          8       0.41      0.57      0.47       100
          9       0.24      0.24      0.24       100

avg / total       0.31      0.32      0.31      1000

Confusion Matrix:
[[48  2  8 10  6  6  7  2  4  7]
 [ 1 14 15  7 22  3  2 17  8 11]
 [ 4 13  6  3 14  7 11 14 10 18]
 [ 2  1  7 47  1  2  4 16 17  3]
 [ 4 14 13  4 33  2  9  8  8  5]
 [ 4  6  4  9  6 10 17 13 12 19]
 [ 3  3  9  6  4  6 36 16  7 10]
 [ 4  1  9  8  2  1 17 44 10  4]
 [ 8  3  2 15  5  4  2  4 57  0]
 [ 6  2  7  9  8  6 16 15  7 24]]
Class-wise accuracy:
[0.48 0.14 0.06 0.47 0.33 0.1  0.36 0.44 0.57 0.24]




----------------------------------------------------------------------------------

UNSCALED:
             precision    recall  f1-score   support

          0       0.54      0.52      0.53       100
          1       0.25      0.28      0.26       100
          2       0.03      0.02      0.02       100
          3       0.50      0.46      0.48       100
          4       0.32      0.32      0.32       100
          5       0.19      0.16      0.17       100
          6       0.28      0.30      0.29       100
          7       0.27      0.36      0.31       100
          8       0.46      0.52      0.49       100
          9       0.20      0.21      0.21       100

avg / total       0.31      0.32      0.31      1000

Confusion Matrix:
[[52  5  5  5  4  7  7  3  4  8]
 [ 2 28  9  3 17  9  3 14  5 10]
 [ 4 17  2  2 15  8 18 12  7 15]
 [ 3  4  3 46  1  5  4 14 16  4]
 [ 6 19  9  0 32  7  9  7  7  4]
 [ 7  8  8  8  5 16 10 17  7 14]
 [ 6  7  7  3  6 10 30 10  4 17]
 [ 2 11  4  9  4  6 15 36  5  8]
 [ 7  7  3 12  5  7  1  4 52  2]
 [ 7  7 11  4 10  9 12 14  5 21]]
Class-wise accuracy:
[0.52 0.28 0.02 0.46 0.32 0.16 0.3  0.36 0.52 0.21]

---------------------
WITHOUT GIST HISTOGRAMS : UNSCALED


             precision    recall  f1-score   support

          0       0.57      0.49      0.53       100
          1       0.24      0.28      0.26       100
          2       0.17      0.12      0.14       100
          3       0.48      0.44      0.46       100
          4       0.39      0.32      0.35       100
          5       0.22      0.22      0.22       100
          6       0.36      0.37      0.36       100
          7       0.36      0.46      0.40       100
          8       0.47      0.48      0.47       100
          9       0.25      0.28      0.27       100

avg / total       0.35      0.35      0.35      1000

Confusion Matrix:
[[49  5  4  6  4 12  7  2  3  8]
 [ 3 28 10  2 18 11  0 14  5  9]
 [ 0 16 12  2 14  9 13 13  5 16]
 [ 2  8  4 44  3  4  5 15 14  1]
 [ 5 22  9  2 32  6  8  2  5  9]
 [ 5  8  8  5  4 22 12 12  8 16]
 [ 4  5  6  5  2 12 37 13  3 13]
 [ 3  8  5  6  2  5 11 46  6  8]
 [ 9  9  1 15  2  7  3  3 48  3]
 [ 6 10 13  5  2 13  8  9  6 28]]
Class-wise accuracy:
[0.49 0.28 0.12 0.44 0.32 0.22 0.37 0.46 0.48 0.28]

------------------------------
WITHOUT GIST HIST SCALED

             precision    recall  f1-score   support

          0       0.44      0.62      0.51       100
          1       0.36      0.38      0.37       100
          2       0.19      0.14      0.16       100
          3       0.45      0.52      0.48       100
          4       0.28      0.14      0.19       100
          5       0.18      0.08      0.11       100
          6       0.31      0.37      0.33       100
          7       0.32      0.31      0.32       100
          8       0.42      0.57      0.48       100
          9       0.25      0.29      0.27       100

avg / total       0.32      0.34      0.32      1000

Confusion Matrix:
[[62  2  2  5  5  3  7  1  2 11]
 [ 7 38  8  7 13  2  1 11  8  5]
 [ 9 14 14  2  7  5 12 11 10 16]
 [ 3  5  1 52  1  4  7 10 15  2]
 [16 22 14  3 14  2 10  3 10  6]
 [11  8  8  7  2  8 15 11 15 15]
 [ 9  4  8  4  1  8 37  5  5 19]
 [ 3  4 10 13  2  3 16 31  8 10]
 [ 9  2  2 14  3  5  3  4 57  1]
 [13  8  6  9  2  4 13  9  7 29]]
Class-wise accuracy:
[0.62 0.38 0.14 0.52 0.14 0.08 0.37 0.31 0.57 0.29]
